18.320034169
19.745293123
7.534350828
15.066085777
15.00243346
15.601094795
7.741579787
7.128583723
25.695588817
7.461006123
7.630703023
7.711480133
7.711192305
7.43215793
7.108659676
7.549884103
7.703501348
21.053292877
19.478477237
12.165026224
10.294701294
16.440175224
18.908069614
11.98014284
18.51263436
16.816386743
12.116668312
14.465543359
19.345678646
10.168355784
12.683124099
11.283892795
10.44321926
10.53864543
11.924269347
11.000938703
11.189055443
10.882213675
10.776473076
10.539460285
22.881299632
10.971254945
10.946018899
10.748557543
10.90859571
17.46642175
11.129373173
10.54798552
10.453222928
20.138490368
11.041072067
19.442023704
10.706358513
11.439568442
10.798228072
16.531595155
10.616970001
10.700266155
11.028355392
12.579896006
11.165260185
10.862968368
19.497958018
10.764067403
18.003903851
18.360007674
10.491902672
10.840877215
11.378099433
21.463370724
19.381525869
10.770923303
10.734030562
13.088079401
10.515678137
10.575536063
18.034921046
10.93955167
10.862564867
18.143585688