11.605091588
9.036475116
21.618821109
9.73143565
27.307657578
20.991490905
24.228985601
10.052140207
20.03045175
9.629749004
9.162659953
10.087678355
23.263996543
9.073279618
9.445563614
27.210478333
9.76828926
9.25598154
9.248385497
9.167441875
18.412952095
13.974943347
14.287182962
14.250262959
15.125458377
14.655045359
14.291536881
19.185995755
12.726192448
14.855230665
14.462263894
16.308398534
14.221910489
17.345667156
14.030002303
13.933867558
22.024325354
14.927790896
15.052212599
14.914631374
16.733452312
24.447686657
16.197482787
14.471591323
16.182526596
17.427752364
16.684460099
16.350497126
14.010742081
13.799178954
14.865900446
16.122237539
15.535955523
14.273410206
14.199445817
17.334415067
15.473721986
15.096795249
15.076626931
14.123834066
14.159550745
14.60663271
14.045082651
14.056112418
13.906396631
26.351883576
14.075146987
15.025300498
15.335189188
13.575674996
14.420081071
14.836451957
16.126734347
14.968428386
14.977789597
14.18462297
27.128151472
14.190844852
14.542253273
24.332861818