21.658983099
8.739245705
17.966607969
9.645631673
8.747667978
8.929904407
8.92572879
9.027755037
16.510231546
27.943037821
8.644593075
21.122060011
9.920936813
22.61742059
9.139529161
8.579997424
8.741617044
8.863385388
13.607734422
12.090140652
15.491063633
12.079703589
21.109180499
12.283091008
13.281035735
12.255124457
12.30629429
12.412433355
12.223784094
12.044748755
13.714026389
12.282565366
12.17232592
21.715162205
22.672787937
12.178365046
13.513883342
22.936780924
15.2424928
19.736796233
19.296080355
16.63377748
21.951894193
20.472768679
22.067985642
14.660879047
19.148612267
12.541604712
19.825497668
12.029682828
13.146621167
13.869526304
12.469056278
15.47367564
12.558950164
14.523243498
18.749181803
12.053642698
12.019689717
12.327993505
12.484280758
11.997208531
13.788984171
14.034303561
25.364472459
12.943409646
12.237460383
12.501238247
13.039254957
24.903569466
12.46110329
12.804648347
14.241042493
23.283055197
12.057297418
13.64290674
12.799212659
25.620752561
25.664638723
12.050698356