26.933121959
8.750833876
18.018181078
8.594279205
27.302622157
20.789151867
9.488374022
8.602283822
8.588545676
22.248215136
8.662945527
21.275186227
8.733461407
8.644019542
25.400361628
9.456305489
21.474599401
9.180211588
24.260178217
15.523167202
8.7359226
13.173973763
14.318233942
11.87269249
14.16797704
10.02592606
19.510414166
17.913871069
15.022989139
13.089211643
11.757644637
12.895497166
13.134989247
19.18776605
12.214411256
15.102763498
12.717307475
12.96038015
13.954330334
12.465478845
11.428696697
12.605529531
11.679872677
12.230515768
11.942655855
18.73921897
13.827471834
18.244874532
11.681141515
14.155427657
11.744233815
12.121907728
11.673638423
15.78979341
16.013825807
12.003389558
12.101453406
11.874884216
13.809501328
23.218295231
12.340084679
13.524899652
11.97029168
22.594208564
13.0398609
12.157894966
11.383653228
12.606090006
12.122364264
12.930092074
12.454011275
11.557705266
15.053900995
11.857102649
19.292747697
22.259503032
11.743606027
12.466543369
24.014251173
11.734033833