36.453105141
276.969049033
33.508470928
36.113079403
38.016525345
27.262662939
205.211938955
144.861985301
146.358968788
195.749400791
28.324932221
36.479485446
33.697096117
67.854082528
31.297991813
42.864492111
37.136130043
28.879895609
34.313157736
49.248213971
16.854712834
41.354235385
43.792179374
17.939797113
17.216042067
17.987355455
17.742712894
41.171766019
17.628106666
47.293112274
18.8133086
36.714830607
16.85608646
17.735354136
16.847386691
44.600959922
19.68389176
18.427587476
39.454471969
17.408693199
33.569081665
35.230705538
36.289105475
31.170967411
34.632909365
18.895971378
18.878605671
17.216427913
17.224559211
18.543739101
32.959293062
34.133279104
32.544559878
39.830659592
17.2871075
17.353883705
36.114195891
17.930131299
17.06848846
32.997719922
32.612406937
19.896295088
17.488862336
18.165624964
34.537112998
17.847824694
32.142080934
32.319237486
17.602436953
17.484053309
32.818443514
17.794050355
17.135169069
38.382785598
18.423724351
39.357921225
17.279413815
17.35861422
17.815876413
17.59813318