89.579172504
37.68782521
79.367929274
36.501056024
90.56466065
84.943517431
103.020527307
35.010248685
35.489268846
36.670598565
37.917997056
81.04910303
103.754946433
92.34120133
34.757043707
126.387776855
78.686716629
36.925173291
35.924918108
85.479122748
35.603288902
35.882958329
35.864154103
34.555167518
79.328708929
99.765479094
35.306323963
37.06790067
36.769425286
84.631286796
35.519238242
36.055487229
93.154475831
83.289136055
89.460483452
35.208129406
36.359082852
35.929179738
35.763795911
68.150870133
92.429057513
37.638930617
37.775247969
37.382943508
36.726015169
34.641129145
36.264511264
36.53977834
36.710842362
35.352932968
91.276127917
35.584094287
36.597048459
35.786240573
38.28756401
90.225662266
33.928973642
73.012771254
87.003587936
36.069373079
37.383681519
90.694867595
35.470585632
35.914730136
78.261394837
78.058773665
77.218793031
63.797363298
36.600939516
37.638848401
77.229984694
75.154107526
35.655523499
79.186610894
35.158852844
36.18722804
35.309162135
79.060941338
35.215167127
35.359366945